25
10
2
1
100000
100000

25
10
4
1
1
1
100000
100000

25
10
6
1
1
1
1
1
100000
100000

25
10
8
1
1
1
1
1
1
1
100000
100000

25
10
2
2
100000
100000

25
10
4
2
2
2
100000
100000

25
10
6
2
2
2
2
2
100000
100000

25
10
8
2
2
2
2
2
2
2
100000
100000

25
10
2
3
100000
100000

25
10
4
3
3
3
100000
100000

25
10
6
3
3
3
3
3
100000
100000

25
10
8
3
3
3
3
3
3
3
100000
100000

25
10
2
4
100000
100000

25
10
4
4
4
4
100000
100000

25
10
6
4
4
4
4
4
100000
100000

25
10
8
4
4
4
4
4
4
4
100000
100000

25
10
2
5
100000
100000

25
10
4
5
5
5
100000
100000

25
10
6
5
5
5
5
5
100000
100000

25
10
8
5
5
5
5
5
5
5
100000
100000

25
10
2
6
100000
100000

25
10
4
6
6
6
100000
100000

25
10
6
6
6
6
6
6
100000
100000

25
10
8
6
6
6
6
6
6
6
100000
100000

25
10
2
7
100000
100000

25
10
4
7
7
7
100000
100000

25
10
6
7
7
7
7
7
100000
100000

25
10
8
7
7
7
7
7
7
7
100000
100000

25
10
2
8
100000
100000

25
10
4
8
8
8
100000
100000

25
10
6
8
8
8
8
8
100000
100000

25
10
8
8
8
8
8
8
8
8
100000
100000

25
10
2
9
100000
100000

25
10
4
9
9
9
100000
100000

25
10
6
9
9
9
9
9
100000
100000

25
10
8
9
9
9
9
9
9
9
100000
100000

25
10
2
10
100000
100000

25
10
4
10
10
10
100000
100000

25
10
6
10
10
10
10
10
100000
100000

25
10
8
10
10
10
10
10
10
10
100000
100000

25
10
2
11
100000
100000

25
10
4
11
11
11
100000
100000

25
10
6
11
11
11
11
11
100000
100000

25
10
8
11
11
11
11
11
11
11
100000
100000

25
10
2
12
100000
100000

25
10
4
12
12
12
100000
100000

25
10
6
12
12
12
12
12
100000
100000

25
10
8
12
12
12
12
12
12
12
100000
100000

25
10
2
13
100000
100000

25
10
4
13
13
13
100000
100000

25
10
6
13
13
13
13
13
100000
100000

25
10
8
13
13
13
13
13
13
13
100000
100000

25
10
2
14
100000
100000

25
10
4
14
14
14
100000
100000

25
10
6
14
14
14
14
14
100000
100000

25
10
8
14
14
14
14
14
14
14
100000
100000

25
10
2
15
100000
100000

25
10
4
15
15
15
100000
100000

25
10
6
15
15
15
15
15
100000
100000

25
10
8
15
15
15
15
15
15
15
100000
100000

25
10
2
16
100000
100000

25
10
4
16
16
16
100000
100000

25
10
6
16
16
16
16
16
100000
100000

25
10
8
16
16
16
16
16
16
16
100000
100000

25
10
2
17
100000
100000

25
10
4
17
17
17
100000
100000

25
10
6
17
17
17
17
17
100000
100000

25
10
8
17
17
17
17
17
17
17
100000
100000

25
10
2
18
100000
100000

25
10
4
18
18
18
100000
100000

25
10
6
18
18
18
18
18
100000
100000

25
10
8
18
18
18
18
18
18
18
100000
100000

25
10
2
19
100000
100000

25
10
4
19
19
19
100000
100000

25
10
6
19
19
19
19
19
100000
100000

25
10
8
19
19
19
19
19
19
19
100000
100000

25
10
2
20
100000
100000

25
10
4
20
20
20
100000
100000

25
10
6
20
20
20
20
20
100000
100000

25
10
8
20
20
20
20
20
20
20
100000
100000

25
10
2
21
100000
100000

25
10
4
21
21
21
100000
100000

25
10
6
21
21
21
21
21
100000
100000

25
10
8
21
21
21
21
21
21
21
100000
100000

25
10
2
22
100000
100000

25
10
4
22
22
22
100000
100000

25
10
6
22
22
22
22
22
100000
100000

25
10
8
22
22
22
22
22
22
22
100000
100000

25
10
2
23
100000
100000

25
10
4
23
23
23
100000
100000

25
10
6
23
23
23
23
23
100000
100000

25
10
8
23
23
23
23
23
23
23
100000
100000

25
10
2
24
100000
100000

25
10
4
24
24
24
100000
100000

25
10
6
24
24
24
24
24
100000
100000

25
10
8
24
24
24
24
24
24
24
100000
100000

25
10
2
25
100000
100000

25
10
4
25
25
25
100000
100000

25
10
6
25
25
25
25
25
100000
100000

25
10
8
25
25
25
25
25
25
25
100000
100000

25
10
2
26
100000
100000

25
10
4
26
26
26
100000
100000

25
10
6
26
26
26
26
26
100000
100000

25
10
8
26
26
26
26
26
26
26
100000
100000

25
10
2
27
100000
100000

25
10
4
27
27
27
100000
100000

25
10
6
27
27
27
27
27
100000
100000

25
10
8
27
27
27
27
27
27
27
100000
100000

25
10
2
28
100000
100000

25
10
4
28
28
28
100000
100000

25
10
6
28
28
28
28
28
100000
100000

25
10
8
28
28
28
28
28
28
28
100000
100000

25
10
2
29
100000
100000

25
10
4
29
29
29
100000
100000

25
10
6
29
29
29
29
29
100000
100000

25
10
8
29
29
29
29
29
29
29
100000
100000
