1
10
2
25
100000
100000

1
10
4
25
25
25
100000
100000

1
10
6
25
25
25
25
25
100000
100000

1
10
8
25
25
25
25
25
25
25
100000
100000

2
10
2
25
100000
100000

2
10
4
25
25
25
100000
100000

2
10
6
25
25
25
25
25
100000
100000

2
10
8
25
25
25
25
25
25
25
100000
100000

3
10
2
25
100000
100000

3
10
4
25
25
25
100000
100000

3
10
6
25
25
25
25
25
100000
100000

3
10
8
25
25
25
25
25
25
25
100000
100000

4
10
2
25
100000
100000

4
10
4
25
25
25
100000
100000

4
10
6
25
25
25
25
25
100000
100000

4
10
8
25
25
25
25
25
25
25
100000
100000

5
10
2
25
100000
100000

5
10
4
25
25
25
100000
100000

5
10
6
25
25
25
25
25
100000
100000

5
10
8
25
25
25
25
25
25
25
100000
100000

6
10
2
25
100000
100000

6
10
4
25
25
25
100000
100000

6
10
6
25
25
25
25
25
100000
100000

6
10
8
25
25
25
25
25
25
25
100000
100000

7
10
2
25
100000
100000

7
10
4
25
25
25
100000
100000

7
10
6
25
25
25
25
25
100000
100000

7
10
8
25
25
25
25
25
25
25
100000
100000

8
10
2
25
100000
100000

8
10
4
25
25
25
100000
100000

8
10
6
25
25
25
25
25
100000
100000

8
10
8
25
25
25
25
25
25
25
100000
100000

9
10
2
25
100000
100000

9
10
4
25
25
25
100000
100000

9
10
6
25
25
25
25
25
100000
100000

9
10
8
25
25
25
25
25
25
25
100000
100000

10
10
2
25
100000
100000

10
10
4
25
25
25
100000
100000

10
10
6
25
25
25
25
25
100000
100000

10
10
8
25
25
25
25
25
25
25
100000
100000

11
10
2
25
100000
100000

11
10
4
25
25
25
100000
100000

11
10
6
25
25
25
25
25
100000
100000

11
10
8
25
25
25
25
25
25
25
100000
100000

12
10
2
25
100000
100000

12
10
4
25
25
25
100000
100000

12
10
6
25
25
25
25
25
100000
100000

12
10
8
25
25
25
25
25
25
25
100000
100000

13
10
2
25
100000
100000

13
10
4
25
25
25
100000
100000

13
10
6
25
25
25
25
25
100000
100000

13
10
8
25
25
25
25
25
25
25
100000
100000

14
10
2
25
100000
100000

14
10
4
25
25
25
100000
100000

14
10
6
25
25
25
25
25
100000
100000

14
10
8
25
25
25
25
25
25
25
100000
100000

15
10
2
25
100000
100000

15
10
4
25
25
25
100000
100000

15
10
6
25
25
25
25
25
100000
100000

15
10
8
25
25
25
25
25
25
25
100000
100000

16
10
2
25
100000
100000

16
10
4
25
25
25
100000
100000

16
10
6
25
25
25
25
25
100000
100000

16
10
8
25
25
25
25
25
25
25
100000
100000

17
10
2
25
100000
100000

17
10
4
25
25
25
100000
100000

17
10
6
25
25
25
25
25
100000
100000

17
10
8
25
25
25
25
25
25
25
100000
100000

18
10
2
25
100000
100000

18
10
4
25
25
25
100000
100000

18
10
6
25
25
25
25
25
100000
100000

18
10
8
25
25
25
25
25
25
25
100000
100000

19
10
2
25
100000
100000

19
10
4
25
25
25
100000
100000

19
10
6
25
25
25
25
25
100000
100000

19
10
8
25
25
25
25
25
25
25
100000
100000

20
10
2
25
100000
100000

20
10
4
25
25
25
100000
100000

20
10
6
25
25
25
25
25
100000
100000

20
10
8
25
25
25
25
25
25
25
100000
100000

21
10
2
25
100000
100000

21
10
4
25
25
25
100000
100000

21
10
6
25
25
25
25
25
100000
100000

21
10
8
25
25
25
25
25
25
25
100000
100000

22
10
2
25
100000
100000

22
10
4
25
25
25
100000
100000

22
10
6
25
25
25
25
25
100000
100000

22
10
8
25
25
25
25
25
25
25
100000
100000

23
10
2
25
100000
100000

23
10
4
25
25
25
100000
100000

23
10
6
25
25
25
25
25
100000
100000

23
10
8
25
25
25
25
25
25
25
100000
100000

24
10
2
25
100000
100000

24
10
4
25
25
25
100000
100000

24
10
6
25
25
25
25
25
100000
100000

24
10
8
25
25
25
25
25
25
25
100000
100000

25
10
2
25
100000
100000

25
10
4
25
25
25
100000
100000

25
10
6
25
25
25
25
25
100000
100000

25
10
8
25
25
25
25
25
25
25
100000
100000

26
10
2
25
100000
100000

26
10
4
25
25
25
100000
100000

26
10
6
25
25
25
25
25
100000
100000

26
10
8
25
25
25
25
25
25
25
100000
100000

27
10
2
25
100000
100000

27
10
4
25
25
25
100000
100000

27
10
6
25
25
25
25
25
100000
100000

27
10
8
25
25
25
25
25
25
25
100000
100000

28
10
2
25
100000
100000

28
10
4
25
25
25
100000
100000

28
10
6
25
25
25
25
25
100000
100000

28
10
8
25
25
25
25
25
25
25
100000
100000

29
10
2
25
100000
100000

29
10
4
25
25
25
100000
100000

29
10
6
25
25
25
25
25
100000
100000

29
10
8
25
25
25
25
25
25
25
100000
100000
